#East Asia and pacific 1990-2016
years<-c(1990.1991,1992,1993,1994,1995,1996,1996,1997,1998,1999,2000,2001,2002,2003,2004,2005,2006,2007,2008,2009,2010,2011,2012,2013,2014,2015,2016)
aveOfSeverWasting<-c(0,-,1.5,0.7,1.4,2.2,1.1,2.9,1.5,2.4,2.2,-,3.6,5.2,4.6,1.2,1.8,2.5,1.1,2.9,1.9,2.2,5.1,0.9,-,0.8,1.7)
