#Sub Saharan Africa
#SubSaharanAfrica<-worldhunger[c(30:32,80:83,102:104,111:128,135:140,142:150,184:191,200:206,216:220,257:270,273:280,285:292,300:310,393:401,432:441,444:459,475:491,513:518,528:531,547:563,619:625,629:633,636:647,651:659,664:675,684:686,690:694,724:730,751:757,759:768,837:852), ]

#GDPAfrica<-GDP_Data[c(6,21,26,31,32,33,35,38,39,44,46,48,45,61,62,65,71,72,75,82,83,102,112,113,119,120,123,126,127,135,137,144,145,163,166,168,170,171,177,178,179,186,64,195,203,192,216,217), ]

xGDPAfrica<-c(1990,2000,2009,2010,2011,2012,2013,2014,2015,2016,2017)

yAgo<-c(11228764963,9129594819,70307163678,83799496612,111789686464,128052853643,136709862831,145712200313,116193649124,101123851090,122123822334)
yBen<-c(1959965244,2569186643,7097198712,6970240895,7814081156,8152554487,9157355680,9707432016,8291155881,8573159697,9246696924)
yBwa<-c(3790567052,5788329609,10267133178,12786654366,15351972227,14420393569,14901750765,16250750259,14406496464,15648632362,17406565823)
yBfa<-c(3101301781,2628920056,8369175126,8979966766,10724063458,11166063467,11947176342,12377391463,10419303761,10886363727,12322864245)
yBdi<-c(1132101253,870486066,1781455092,2032135247,2235820868,2333308099,2451625333,2705783272,3104394858,2959185295,3172416146)
yCpv<-c(306891107,539227278,1711817182,1664310770,1864824081,1751888562,1850470042,1859898513,1596800287,1663008687,1772706451)
yCmr<-c(11151578051,10083937740,26017925552,26143818510,29337006833,29104437355,32348149947,34942948737,30916218544,32621535419,34922782311)
yCaf<-c(1440711396,914500299,1981732634,1986015906,2195599557,2169706564,1518565298,1702899386,1583776806,1755468137,1949411659)
yTcd<-c(1738605558,1385058162,9253484108,10657705536,12156380425,12368071039,12949854263,13922223234,10945989472,10090922857,9871247732)
yCom<-c(429622148,350264288,901711442,907093130,1021746833,1015901205,1115906342,1148058015,988150250,1024261821,1068124330)
yCog<-c(2798746051,3219910550,9593537551,12007880439,14425607180,13677930124,14085851348,14177437982,8553154580,9035848071,8701334800)
yCiv<-c(10795850107,10717022463,24277493862,24884505035,25381616734,26790579775,31273049200,35343298114,39633467836,35389998639,37353276059)
yCod<-c(9349764580,19088046306,18648373312,21565720044,25839749199,29306235826,32679745298,35909040266,37917704900,37134799975,37642482562)
yGnq<-c(112119407,1045998496,15027795173,16298542028,21329395901,22389626329,21942597765,21736500713,13180195435,11260900826,12293579173)
yEri<-c(0,706370816,1856695551,2117039512,2607739837,0,0,0,0,0,0)
yEth<-c(12175166763,8242392104,32437389116,29933790334,31952763089,43310721414,47648211133,55612228234,64464547915,73000980434,80561496134)
yGab<-c(5952293766,5067865321,12065138273,14358584300,18186478120,17171447372,17590745162,18179752010,14377324798,14014369642,15013950984)
yGmb<-c(317083374,782915402,900639534,951806369,898290990,910026156,1367041585,1259063630,1394149615,1442298542,1489464788)
yGha<-c(5889174825,4983024408,25977847814,32174772956,39566292433,41939728979,63277216929,53601126664,49181854798,55009730600,58996776238)
yGin<-c(2666616177,2995360969,6716904635,6853467936,6785137222,7638045248,8376613797,8778473641,8794202410,8694360305,10472514515)
yGnb<-c(243961996,370173839,826798660,849050128,1098379392,989327812,1045790133,1053512334,1047808175,1178204501,1346841897)
yKen<-c(8572359163,12705357103,37021512049,40000088347,41953433591,50412754861,55096728048,61448041564,64007751188,70875223143,79263075749)
yLso<-c(596415105,887295268,1773199526,2361613522,2787951879,2678475775,2526009059,2614566294,2510312805,2323419619,2578265358)
yLbr<-c(0,874000000,1768000000,1998000000,2398000000,2721000000,3067000000,3144000000,3177000000,3277826000,3285455000)
yMdg<-c(3081479800,3877673539,8550363975,8729936136,9892702358,9919780071,10601690872,10673516673,9744243531,10001193315,11499803807)
yMwi<-c(1880771556,1743506531,6191127665,6959655571,8004000737,6028487929,5518880769,6047813437,6373212641,5433040160,6303292264)
yMli<-c(2681912030,2954129566,10181021770,10678749467,12978107561,12442747897,13246412031,14345828992,13099495530,14010787738,15334336144)
yMrt<-c(1019600771,1293654175,3662282133,4337791007,5166341003,5231255478,5724227185,5391475277,4844223107,4739298730,5024708656)
yMus<-c(2653480001,4582555125,9128843109,10003670690,11518393367,11668685524,12129642296,12803445934,11692287066,12232463656,13266427697)
yMoz<-c(2512079324,5016469069,10911698204,10154238250,13131168012,14534278440,16018848994,16961117243,14798413628,10981358031,12645508634)
yNam<-c(2785764518,3833993707,8876191121,11282192605,12409629836,13016272899,12717790505,12786078008,11650656642,11281259987,13253698015)
yNer<-c(2480673195,1798374468,5373097441,5718664505,6409184724,6942258305,7667952566,8229731384,7217667781,7528285444,8119710126)
yNga<-c(54035795388,69448756933,291880204328,363359886203,410334579161,459376049764,514966287334,568498937616,494583180777,404649527538,375745486521)
yRwa<-c(2550185618,1734938652,5378925895,5773084568,6563320570,7334917697,7621923308,8016591928,8277613194,8475681533,9135454442)
yStp<-c(0,0,187821029,197454053,233213523,252560557,302924711,348941715,315521532,354237479,392570293)
ySen<-c(7237100724,5924239701,16248212852,16215069256,17878780185,17825417949,18960182371,19770919167,17767620059,18973894459,21070225735)
ySyc<-c(368584759,614879765,847397850,969936525,1065826670,1060222480,1328158360,1343010475,1377492466,1427525457,1497959569)
ySle<-c(649644827,635874002,2453899847,2578026297,2942546781,3801862611,4920343195,5015157816,4218723875,3556036535,3775047334)
ySom<-c(0,0,0,0,0,0,6481000000,6562001351,6659000748,6761998534,7052000000)
yZaf<-c(115553279481,136361854808,295936485833,375349442837,416418874939,396327875201,366643223164,350636208164,317536830641,295746599722,348871647960)
ySsd<-c(0,0,0,0,17273335564,11266779661,14940338983,15099661017,10906867790,2904114903,0)
ySnd<-c(12408647541,12257418326,53150209168,65634109237,67327289320,68125631150,72065940086,82151588419,97156119150,95584380032,117487857143)
ySwz<-c(1114703088,1738100853,3580417067,4438778424,4820499924,4823831657,4560713074,4377293816,4020275298,3817430000,4433664364)
yTgo<-c(1628427515,1488185772,3365711796,3426022206,3867391618,3873529926,4320427496,4568900620,4179185205,4457732625,4757776485)
yUga<-c(4304398866,6193246837,18168902154,20186496527,20176025257,23114293416,24599550624,27291879819,27102650387,24133664285,25995031850)
yTza<-c(4258743263,13375976354,29081425282,32014249841,34657139495,39650530214,45680532614,49964788814,47378599025,49774021003,53320625959)
yZmb<-c(3285217391,3600683040,15328342304,20265556274,23460098340,25503370699,28045460442,27150630607,21154394546,20954754378,25868142073)
yZwe<-c(8783816700,6689957600,9665793300,12041655200,14101920300,17114849900,19091020000,19495519600,19963120600,20548678100,22040902300)

plot(xGDPAfrica,yAgo,type="o",col=1,pch=1,lty=1, ylim=c(min(GDPAfrica),max(GDPAfrica)),